???? 95
1749 1
1783 1
1788 1
1794 3
1801 29
1803 1
1804 4
1806 1
1809 1
1814 1
1815 1
1816 1
1818 8
1819 3
1820 2
1821 3
1822 2
1824 6
1825 2
1826 3
1827 2
1828 2
1829 3
1830 29
1831 7
1833 1
1834 346
1835 2
1836 18
1837 25
1838 5
1839 17
1840 21
1841 69
1842 204
1843 105
1844 10
1845 67
1846 223
1847 16
1848 54
1849 160
1850 52
1851 1091
1852 105
1853 173
1854 35
1855 171
1856 203
1857 386
1858 430
1859 229
1860 207
1861 302
1862 861
1863 161
1864 332
1865 312
1866 448
1867 326
1868 178
1869 164
1870 343
1871 346
1872 175
1873 675
1874 172
1875 91
1876 322
1877 350
1878 630
1879 270
1880 521
1881 551
1882 932
1883 1841
1884 102
1885 590
1886 250
1887 875
1888 149
1889 1994
1890 563
1891 111
1892 969
1893 876
1894 1120
1895 1633
1896 1612
1897 1159
1898 2004
1899 1627
1900 2053
1901 1266
1902 2171
1903 2502
1904 2479
1905 3995
1906 1542
1907 4434
1908 2892
1909 1896
1910 1572
1911 3288
1912 3628
1913 1749
1914 2058
1915 668
1916 1101
1917 217
1918 785
1919 1061
1920 2567
1921 2575
1922 4083
1923 4012
1924 3397
1925 5213
1926 3714
1927 3876
1928 4440
1929 3646
1930 3861
1931 6681
1932 4128
1933 3694
1934 5193
1935 5984
1936 8495
1937 6909
1938 9027
1939 9737
1940 4076
1941 4319
1942 3592
1943 3287
1944 2884
1945 5491
1946 11119
1947 9800
1948 10303
1949 10953
1950 13190
1951 12044
1952 14857
1953 10638
1954 16407
1955 16125
1956 14655
1957 16074
1958 13564
1959 14744
1960 18592
1961 15765
1962 21908
1963 18963
1964 22639
1965 23698
1966 23875
1967 26435
1968 30736
1969 28147
1970 33076
1971 26484
1972 37545
1973 35389
1974 32051
1975 34754
1976 34327
1977 34125
1978 39980
1979 37058
1980 39482
1981 29209
1982 44115
1983 38270
1984 45601
1985 45772
1986 53733
1987 64721
1988 84857
1989 94828
1990 109085
1991 144853
1992 185963
1993 189716
1994 187801
1995 177308
1996 172720
1997 167319
1998 183652
1999 191206
2000 241627
2001 189036
2002 258401
2003 279674
2004 279260
2005 407471
2006 429952
2007 322857
2008 251297
2009 225405
2010 244746
2011 333205
2012 424647
2013 376819
2014 379879
2015 357184
2016 268563
2017 189715
2018 196604
2019 202859
2020 236620
2021 315770
2022 332618
2023 361820
